voltage,current,currentDev
0.0,-3.222127e-11,4.091217e-10
-5.0,2.904962e-11,4.086451e-10
-10.0,5.432765e-11,3.698108e-10
-15.0,8.320572e-11,3.898063e-10
-20.0,3.186348e-11,3.825158e-10
-25.0,8.521409e-11,3.830468e-10
-30.0,-4.222333e-12,4.011751e-10
-35.0,-4.923859e-11,4.199197e-10
-40.0,-6.036424e-10,4.156761e-10
-45.0,-1.119369e-09,3.806857e-10
-50.0,-1.612763e-09,4.034124e-10
-55.0,-1.927048e-09,3.689113e-10
-60.0,-3.275943e-09,3.787429e-10
-65.0,-4.995376e-09,3.94991e-10
-70.0,-5.879463e-09,3.950133e-10
-75.0,-7.365681e-09,4.699817e-10
-80.0,-1.034921e-08,4.742424e-09
-85.0,-9.891355e-09,4.391409e-10
-90.0,-1.127178e-08,4.213213e-10
-95.0,-1.513794e-08,3.728173e-10
-100.0,-2.165533e-08,7.157921e-10
-105.0,-2.285798e-08,8.565225e-10
-110.0,-2.113232e-08,5.050848e-10
-115.0,-2.047388e-08,5.655805e-10
-120.0,-2.091452e-08,4.141968e-10
-125.0,-2.11841e-08,2.925938e-10
-130.0,-2.24134e-08,2.850826e-10
-135.0,-2.250258e-08,2.755495e-10
-140.0,-2.22695e-08,3.133558e-10
-145.0,-2.249933e-08,2.911388e-10
-150.0,-2.263043e-08,2.871923e-10
-155.0,-2.265562e-08,3.350556e-10
-160.0,-2.263851e-08,2.618483e-10
-165.0,-2.301598e-08,2.819888e-10
-170.0,-2.317846e-08,2.815508e-10
-175.0,-2.332742e-08,2.788571e-10
-180.0,-2.361497e-08,2.6703e-10
-185.0,-2.377428e-08,2.839253e-10
-190.0,-2.364958e-08,3.069399e-10
-195.0,-2.37274e-08,3.268752e-10
-200.0,-2.416847e-08,3.263745e-10
-205.0,-2.399329e-08,2.736013e-10
-210.0,-2.400286e-08,2.941387e-10
-215.0,-2.419077e-08,2.763516e-10
-220.0,-2.437438e-08,2.688891e-10
-225.0,-2.442436e-08,3.192726e-10
-230.0,-2.445666e-08,2.79117e-10
-235.0,-2.461166e-08,3.163483e-10
-240.0,-2.480584e-08,3.033473e-10
-245.0,-2.500924e-08,3.044977e-10
-250.0,-2.509281e-08,2.790263e-10
-255.0,-2.537364e-08,2.39852e-10
-260.0,-2.539039e-08,2.967357e-10
-265.0,-2.552401e-08,2.747715e-10
-270.0,-2.553457e-08,2.406887e-10
-275.0,-2.583885e-08,2.498272e-10
-280.0,-2.597728e-08,3.046529e-10
-285.0,-2.615217e-08,3.628273e-10
-290.0,-2.628754e-08,2.847831e-10
-295.0,-2.631591e-08,3.08137e-10
-300.0,-2.652339e-08,2.968374e-10
-305.0,-2.661426e-08,3.022717e-10
-310.0,-2.667364e-08,3.34007e-10
-315.0,-2.680774e-08,2.562836e-10
-320.0,-2.683898e-08,2.84844e-10
-325.0,-2.70886e-08,3.114911e-10
-330.0,-2.713866e-08,3.380842e-10
-335.0,-2.736945e-08,3.393729e-10
-340.0,-2.729391e-08,2.857912e-10
-345.0,-2.815309e-08,5.106467e-10
-350.0,-2.767313e-08,3.144014e-10
-355.0,-2.788177e-08,3.167994e-10
-360.0,-2.787112e-08,3.586777e-10
-365.0,-2.814466e-08,2.688867e-10
-370.0,-2.835641e-08,3.071935e-10
-375.0,-2.827732e-08,2.968319e-10
-380.0,-2.899755e-08,3.331207e-10
-385.0,-2.856856e-08,3.523818e-10
-390.0,-2.915735e-08,3.391662e-10
-395.0,-2.949682e-08,3.810588e-10
-400.0,-2.926989e-08,7.024448e-10
-405.0,-2.991263e-08,3.213248e-10
-410.0,-2.991568e-08,2.863448e-10
-415.0,-3.125774e-08,6.402237e-10
-420.0,-3.013366e-08,7.624022e-10
-425.0,-3.058473e-08,4.571578e-10
-430.0,-3.049606e-08,4.116157e-10
-435.0,-3.12721e-08,9.72302e-10
-440.0,-3.096289e-08,9.973283e-10
-445.0,-3.186875e-08,1.487915e-09
-450.0,-3.321013e-08,3.24755e-09
-455.0,-3.102332e-08,8.148816e-10
-460.0,-3.230951e-08,1.254671e-09
-465.0,-3.457725e-08,3.069092e-09
-470.0,-3.177382e-08,1.66133e-09
-475.0,-3.358013e-08,1.366706e-09
-480.0,-3.414644e-08,1.585838e-09
-485.0,-3.413924e-08,1.237932e-09
-490.0,-3.225799e-08,1.720118e-09
-495.0,-3.474046e-08,1.973079e-09
-500.0,-3.640314e-08,2.029653e-09
-505.0,-3.630756e-08,1.391334e-09
-510.0,-3.602809e-08,2.13653e-09
-515.0,-3.549856e-08,1.487901e-09
-520.0,-3.837393e-08,2.278819e-09
-525.0,-3.572689e-08,2.789512e-09
-530.0,-3.413177e-08,1.845685e-09
-535.0,-3.959088e-08,2.494731e-09
-540.0,-3.544261e-08,1.282836e-09
-545.0,-3.618e-08,1.515413e-09
-550.0,-4.098458e-08,2.547832e-09
-555.0,-3.771644e-08,1.272969e-09
-560.0,-3.983839e-08,1.734572e-09
-565.0,-3.646911e-08,3.160643e-09
-570.0,-3.942884e-08,2.242521e-09
-575.0,-4.389114e-08,4.28772e-09
-580.0,-4.181859e-08,3.057941e-09
-585.0,-4.158327e-08,9.834508e-10
-590.0,-4.034755e-08,2.755643e-09
-595.0,-4.324494e-08,5.283421e-09
-600.0,-4.183299e-08,1.489141e-09
-605.0,-4.277268e-08,1.876766e-09
-610.0,-4.387467e-08,1.560481e-09
-615.0,-4.192347e-08,4.887995e-09
-620.0,-4.377546e-08,1.957186e-09
-625.0,-4.490149e-08,4.103119e-09
-630.0,-4.198445e-08,4.442618e-09
-635.0,-4.601929e-08,3.681346e-09
-640.0,-4.677194e-08,1.591932e-09
-645.0,-4.642394e-08,2.361747e-09
-650.0,-4.748004e-08,3.26894e-09
-655.0,-5.007472e-08,3.288654e-09
-660.0,-4.933621e-08,2.626445e-09
-665.0,-4.882056e-08,3.185969e-09
-670.0,-4.754168e-08,2.163219e-09
-675.0,-4.974596e-08,9.14891e-10
-680.0,-5.058652e-08,1.43534e-09
-685.0,-5.124114e-08,1.996695e-09
-690.0,-4.938845e-08,3.582034e-09
-695.0,-4.985543e-08,3.155871e-09
-700.0,-5.19032e-08,2.72463e-09
-705.0,-5.242551e-08,1.838862e-09
-710.0,-5.280502e-08,1.411119e-09
-715.0,-5.181192e-08,3.101367e-09
-720.0,-5.426804e-08,6.296567e-09
-725.0,-5.304944e-08,4.245918e-09
-730.0,-5.776816e-08,1.911419e-09
-735.0,-5.794326e-08,2.535439e-09
-740.0,-5.328797e-08,3.61916e-09
-745.0,-5.521477e-08,3.049506e-09
-750.0,-5.495164e-08,8.971919e-10
-755.0,-5.98454e-08,2.654941e-09
-760.0,-5.866527e-08,3.593642e-09
-765.0,-5.754905e-08,1.83959e-09
-770.0,-5.990189e-08,1.877559e-09
-775.0,-6.065556e-08,1.890951e-09
-780.0,-6.191897e-08,1.77574e-09
-785.0,-6.094182e-08,1.16097e-09
-790.0,-6.227003e-08,1.133533e-09
-795.0,-6.174985e-08,2.020783e-09
-800.0,-6.209865e-08,1.488938e-09
