voltage,current,currentDev
0.0,1.691541e-10,5.162376e-10
-5.0,-4.747391e-11,4.032258e-10
-10.0,-3.585575e-11,4.449239e-10
-15.0,-2.97433e-10,4.168171e-10
-20.0,-7.71322e-10,4.590043e-10
-25.0,-1.207697e-09,4.195508e-10
-30.0,-1.752068e-09,4.238229e-10
-35.0,-2.696253e-09,4.030308e-10
-40.0,-4.070375e-09,3.885257e-10
-45.0,-5.713568e-09,4.451126e-10
-50.0,-8.180256e-09,4.923757e-10
-55.0,-9.916111e-09,3.942321e-10
-60.0,-1.141106e-08,4.423017e-10
-65.0,-1.336961e-08,4.695753e-10
-70.0,-1.521444e-08,4.070298e-10
-75.0,-1.816582e-08,3.963326e-10
-80.0,-2.108464e-08,3.886831e-10
-85.0,-2.230052e-08,3.457161e-10
-90.0,-2.370992e-08,4.077919e-10
-95.0,-2.456625e-08,4.190732e-10
-100.0,-2.706514e-08,4.567864e-10
-105.0,-2.63742e-08,3.849355e-10
-110.0,-2.563153e-08,4.635538e-10
-115.0,-2.319331e-08,7.973386e-10
-120.0,-2.359566e-08,2.894221e-10
-125.0,-2.387251e-08,3.292865e-10
-130.0,-2.371192e-08,2.92136e-10
-135.0,-2.37433e-08,2.681514e-10
-140.0,-2.381834e-08,2.757357e-10
-145.0,-2.399393e-08,2.984192e-10
-150.0,-2.403782e-08,2.696892e-10
-155.0,-2.416805e-08,2.991078e-10
-160.0,-2.404068e-08,2.636884e-10
-165.0,-2.413733e-08,2.950964e-10
-170.0,-2.421022e-08,2.58129e-10
-175.0,-2.432789e-08,2.859474e-10
-180.0,-2.434333e-08,2.844697e-10
-185.0,-2.437003e-08,2.922844e-10
-190.0,-2.446281e-08,2.878651e-10
-195.0,-2.4585e-08,2.798708e-10
-200.0,-2.463097e-08,2.71416e-10
-205.0,-2.469588e-08,2.700531e-10
-210.0,-2.486726e-08,2.965767e-10
-215.0,-2.495971e-08,2.395051e-10
-220.0,-2.497582e-08,2.527353e-10
-225.0,-2.516373e-08,2.79415e-10
-230.0,-2.528709e-08,2.671446e-10
-235.0,-2.542429e-08,2.758116e-10
-240.0,-2.538664e-08,2.643888e-10
-245.0,-2.545277e-08,2.86201e-10
-250.0,-2.571541e-08,2.910615e-10
-255.0,-2.580735e-08,2.954033e-10
-260.0,-2.58632e-08,2.74704e-10
-265.0,-2.604133e-08,2.80019e-10
-270.0,-2.614012e-08,3.074375e-10
-275.0,-2.618922e-08,3.334609e-10
-280.0,-2.631228e-08,2.868745e-10
-285.0,-2.6392e-08,2.72692e-10
-290.0,-2.653558e-08,2.850627e-10
-295.0,-2.660327e-08,2.749022e-10
-300.0,-2.671607e-08,2.895747e-10
-305.0,-2.685091e-08,2.486717e-10
-310.0,-2.702455e-08,2.944756e-10
-315.0,-2.700855e-08,2.60011e-10
-320.0,-2.70644e-08,2.343361e-10
-325.0,-2.724992e-08,2.823224e-10
-330.0,-2.725095e-08,2.58203e-10
-335.0,-2.743041e-08,3.402143e-10
-340.0,-2.761962e-08,2.740692e-10
-345.0,-2.772348e-08,2.990869e-10
-350.0,-2.78572e-08,2.994179e-10
-355.0,-2.800999e-08,2.492306e-10
-360.0,-2.831164e-08,2.714705e-10
-365.0,-2.847217e-08,3.178785e-10
-370.0,-2.860142e-08,2.62306e-10
-375.0,-2.877705e-08,2.886273e-10
-380.0,-2.891831e-08,2.656372e-10
-385.0,-2.891839e-08,2.981554e-10
-390.0,-2.922631e-08,2.491081e-10
-395.0,-2.945421e-08,2.863542e-10
-400.0,-2.955617e-08,3.036855e-10
-405.0,-2.983016e-08,2.722955e-10
-410.0,-2.996231e-08,3.759874e-10
-415.0,-3.004673e-08,2.605068e-10
-420.0,-3.035262e-08,3.166168e-10
-425.0,-3.063619e-08,3.29431e-10
-430.0,-3.066739e-08,2.624392e-10
-435.0,-3.08595e-08,3.021918e-10
-440.0,-3.12217e-08,2.782413e-10
-445.0,-3.139831e-08,3.222022e-10
-450.0,-3.153831e-08,3.138574e-10
-455.0,-3.190833e-08,3.123211e-10
-460.0,-3.212612e-08,3.047598e-10
-465.0,-3.245674e-08,3.29491e-10
-470.0,-3.257728e-08,2.361536e-10
-475.0,-3.293873e-08,2.907597e-10
-480.0,-3.315556e-08,3.004836e-10
-485.0,-3.34183e-08,3.011159e-10
-490.0,-3.372183e-08,2.934448e-10
-495.0,-3.419969e-08,2.569833e-10
-500.0,-3.473831e-08,2.911952e-10
-505.0,-3.470389e-08,3.011231e-10
-510.0,-3.519219e-08,2.135756e-10
-515.0,-3.552855e-08,2.987147e-10
-520.0,-3.586834e-08,2.793785e-10
-525.0,-3.62894e-08,3.283259e-10
-530.0,-3.66333e-08,2.231069e-10
-535.0,-3.702077e-08,3.349401e-10
-540.0,-3.737197e-08,3.460694e-10
-545.0,-3.77902e-08,3.034968e-10
-550.0,-3.783459e-08,3.948601e-10
-555.0,-3.843226e-08,2.972385e-10
-560.0,-3.882646e-08,2.983328e-10
-565.0,-3.914646e-08,3.120639e-10
-570.0,-3.928666e-08,3.567585e-10
-575.0,-3.978009e-08,2.634128e-10
-580.0,-4.007756e-08,2.967635e-10
-585.0,-4.039106e-08,2.713551e-10
-590.0,-4.101116e-08,3.296926e-10
-595.0,-4.093545e-08,2.508262e-10
-600.0,-4.144447e-08,2.789015e-10
-605.0,-4.182098e-08,2.9011e-10
-610.0,-4.200427e-08,3.054187e-10
-615.0,-4.311184e-08,2.884017e-10
-620.0,-4.339701e-08,2.949632e-10
-625.0,-4.389349e-08,3.373771e-10
-630.0,-4.428275e-08,2.979831e-10
-635.0,-4.470534e-08,3.172567e-10
-640.0,-4.52644e-08,2.79657e-10
-645.0,-4.600246e-08,2.741845e-10
-650.0,-4.623357e-08,4.054154e-10
-655.0,-4.637593e-08,2.988469e-10
-660.0,-4.692832e-08,2.982212e-10
-665.0,-4.717283e-08,3.139736e-10
-670.0,-4.743818e-08,2.491209e-10
-675.0,-4.772204e-08,3.177765e-10
-680.0,-4.802935e-08,3.520305e-10
-685.0,-4.877334e-08,2.750342e-10
-690.0,-4.939551e-08,3.158547e-10
-695.0,-4.993538e-08,3.100461e-10
-700.0,-5.014259e-08,2.917987e-10
-705.0,-5.087757e-08,2.491377e-10
-710.0,-5.134973e-08,2.33769e-10
-715.0,-5.190322e-08,2.999998e-10
-720.0,-5.23119e-08,3.462843e-10
-725.0,-5.307918e-08,3.304502e-10
-730.0,-5.346453e-08,2.879067e-10
-735.0,-5.40094e-08,2.728087e-10
-740.0,-5.426669e-08,2.898062e-10
-745.0,-5.508049e-08,2.588557e-10
-750.0,-5.540012e-08,2.854919e-10
-755.0,-5.576747e-08,3.413519e-10
-760.0,-5.656853e-08,2.912148e-10
-765.0,-5.70185e-08,2.954313e-10
-770.0,-5.703508e-08,3.503405e-10
-775.0,-5.77698e-08,2.654434e-10
-780.0,-5.831834e-08,3.483948e-10
-785.0,-5.876387e-08,4.020149e-10
-790.0,-5.874089e-08,2.839934e-10
-795.0,-5.981347e-08,3.664243e-10
-800.0,-5.996726e-08,4.229743e-10
