voltage,current,currentDev
0.0,1.174657e-11,4.630304e-10
-5.0,-2.511548e-10,3.741739e-10
-10.0,-1.245839e-08,1.550923e-08
-15.0,-1.384831e-08,1.501829e-09
-20.0,-1.410374e-08,6.794488e-10
-25.0,-1.448787e-08,4.993715e-10
-30.0,-1.492944e-08,1.662138e-09
-35.0,-1.49632e-08,6.866783e-10
-40.0,-1.515556e-08,2.941458e-10
-45.0,-1.56158e-08,5.160469e-10
-50.0,-1.536764e-08,1.476318e-09
-55.0,-1.57971e-08,4.702555e-10
-60.0,-1.614123e-08,1.409474e-09
-65.0,-1.636428e-08,5.798335e-10
-70.0,-1.65958e-08,1.18009e-09
-75.0,-1.597945e-08,7.117119e-10
-80.0,-1.657048e-08,7.859436e-10
-85.0,-1.67092e-08,1.031065e-09
-90.0,-1.634149e-08,1.416966e-09
-95.0,-1.678992e-08,1.025885e-09
-100.0,-1.672885e-08,4.059775e-10
-105.0,-1.6783e-08,1.5612e-10
-110.0,-1.614978e-08,1.415248e-09
-115.0,-1.689897e-08,3.137708e-10
-120.0,-1.715603e-08,3.123856e-10
-125.0,-1.715414e-08,5.25121e-10
-130.0,-1.686253e-08,3.676199e-10
-135.0,-1.719326e-08,3.722918e-10
-140.0,-1.729899e-08,4.040309e-10
-145.0,-1.731669e-08,3.063069e-10
-150.0,-1.749414e-08,3.415032e-10
-155.0,-1.753136e-08,4.209289e-10
-160.0,-1.768383e-08,2.659787e-10
-165.0,-1.76892e-08,3.316625e-10
-170.0,-1.7923e-08,2.598614e-10
-175.0,-1.780674e-08,4.719372e-10
-180.0,-1.795649e-08,4.690971e-10
-185.0,-1.812019e-08,7.406817e-10
-190.0,-1.762698e-08,1.260468e-09
-195.0,-1.703136e-08,1.954294e-09
-200.0,-1.867881e-08,1.416937e-09
-205.0,-1.868201e-08,4.406277e-10
-210.0,-1.905196e-08,3.896059e-10
-215.0,-1.900188e-08,3.440207e-10
-220.0,-1.92077e-08,3.840568e-10
-225.0,-1.91609e-08,3.868263e-10
-230.0,-1.940364e-08,3.529462e-10
-235.0,-1.958995e-08,3.173038e-10
-240.0,-1.952478e-08,3.481005e-10
-245.0,-1.987074e-08,4.807088e-10
-250.0,-1.984259e-08,7.000059e-10
-255.0,-2.003421e-08,3.068293e-10
-260.0,-2.028228e-08,4.998588e-10
-265.0,-2.037424e-08,2.691071e-10
-270.0,-2.02896e-08,3.108262e-10
-275.0,-2.064299e-08,4.008743e-10
-280.0,-2.079917e-08,3.476527e-10
-285.0,-2.036998e-08,1.115868e-09
-290.0,-2.090876e-08,4.192949e-10
-295.0,-2.210624e-08,3.739862e-09
-300.0,-2.120343e-08,4.577591e-10
-305.0,-2.144351e-08,4.012609e-10
-310.0,-2.14264e-08,3.388476e-10
-315.0,-2.158139e-08,3.084394e-10
-320.0,-2.192977e-08,2.980991e-10
-325.0,-2.191059e-08,2.809851e-10
-330.0,-2.209237e-08,4.26433e-10
-335.0,-2.218513e-08,2.14596e-10
-340.0,-2.230036e-08,3.387145e-10
-345.0,-2.25429e-08,4.905806e-10
-350.0,-2.258193e-08,3.685128e-10
-355.0,-2.268475e-08,3.614529e-10
-360.0,-2.287776e-08,5.089832e-10
-365.0,-2.31909e-08,4.73566e-10
-370.0,-2.327648e-08,2.843027e-10
-375.0,-2.331219e-08,3.001019e-10
-380.0,-2.342763e-08,1.726805e-10
-385.0,-2.364577e-08,3.490335e-10
-390.0,-2.369978e-08,3.294197e-10
-395.0,-2.388862e-08,4.095957e-10
-400.0,-2.410321e-08,4.186928e-10
-405.0,-2.434821e-08,6.044781e-10
-410.0,-2.447997e-08,3.968242e-10
-415.0,-2.45841e-08,2.6386e-10
-420.0,-2.475856e-08,3.163868e-10
-425.0,-2.497547e-08,3.333136e-10
-430.0,-2.511502e-08,2.875063e-10
-435.0,-2.526776e-08,5.014453e-10
-440.0,-2.543834e-08,3.962254e-10
-445.0,-2.566003e-08,3.548417e-10
-450.0,-2.593391e-08,3.637617e-10
-455.0,-2.608168e-08,4.880072e-10
-460.0,-2.628946e-08,3.0297e-10
-465.0,-2.63421e-08,5.974014e-10
-470.0,-2.666519e-08,3.246785e-10
-475.0,-2.687484e-08,3.978228e-10
-480.0,-2.734802e-08,3.334443e-10
-485.0,-2.735436e-08,3.47944e-10
-490.0,-2.754797e-08,5.413713e-10
-495.0,-2.786689e-08,4.170647e-10
-500.0,-2.809158e-08,2.28498e-10
-505.0,-2.825078e-08,3.007155e-10
-510.0,-2.853143e-08,2.312381e-10
-515.0,-2.873241e-08,2.53762e-10
-520.0,-2.905157e-08,3.203296e-10
-525.0,-2.929459e-08,2.716866e-10
-530.0,-2.95165e-08,2.55409e-10
-535.0,-2.984448e-08,2.585273e-10
-540.0,-3.01009e-08,2.36919e-10
-545.0,-3.029317e-08,3.566432e-10
-550.0,-3.190108e-08,4.213263e-09
-555.0,-3.075463e-08,5.303227e-10
-560.0,-3.101729e-08,4.51542e-10
-565.0,-3.163506e-08,2.803759e-10
-570.0,-3.180289e-08,5.68292e-10
-575.0,-3.212374e-08,4.150443e-10
-580.0,-3.242342e-08,3.407149e-10
-585.0,-3.256236e-08,5.035135e-10
-590.0,-3.304837e-08,4.573991e-10
-595.0,-3.336531e-08,4.459069e-10
-600.0,-3.362229e-08,5.477869e-10
-605.0,-3.388594e-08,5.325482e-10
-610.0,-3.418147e-08,2.110259e-10
-615.0,-3.460198e-08,3.940823e-10
-620.0,-3.491535e-08,3.120378e-10
-625.0,-3.509464e-08,2.836484e-10
-630.0,-3.557399e-08,2.827286e-10
-635.0,-3.595646e-08,2.755152e-09
-640.0,-3.610806e-08,6.667993e-10
-645.0,-3.661473e-08,3.013962e-10
-650.0,-3.704253e-08,3.861887e-10
-655.0,-3.73926e-08,3.411925e-10
-660.0,-3.761755e-08,4.205642e-10
-665.0,-3.814531e-08,3.422522e-10
-670.0,-3.837347e-08,3.303207e-10
-675.0,-3.883441e-08,3.394583e-10
-680.0,-3.910802e-08,4.430161e-10
-685.0,-3.968905e-08,4.356303e-10
-690.0,-4.003755e-08,3.288709e-10
-695.0,-4.034539e-08,3.268029e-10
-700.0,-4.087629e-08,2.838223e-10
-705.0,-4.122593e-08,2.548274e-10
-710.0,-4.157711e-08,2.530645e-10
-715.0,-4.196809e-08,3.285058e-10
-720.0,-4.237713e-08,3.756743e-10
-725.0,-4.265606e-08,5.2719e-10
-730.0,-4.337077e-08,5.167116e-10
-735.0,-4.380788e-08,2.529996e-10
-740.0,-4.416421e-08,3.372168e-10
-745.0,-4.45323e-08,3.915588e-10
-750.0,-4.500529e-08,4.65001e-10
-755.0,-4.548478e-08,3.812517e-10
-760.0,-4.578559e-08,3.288504e-10
-765.0,-4.637164e-08,3.308204e-10
-770.0,-4.673885e-08,2.837667e-10
-775.0,-4.721407e-08,3.599404e-10
-780.0,-4.762287e-08,4.893122e-10
-785.0,-4.821274e-08,4.809474e-10
-790.0,-4.865732e-08,3.081496e-10
-795.0,-4.932025e-08,4.011444e-10
-800.0,-4.932986e-08,4.45939e-10
-805.0,-5.012965e-08,4.81189e-10
-810.0,-5.086076e-08,6.632973e-10
-815.0,-5.102736e-08,4.576009e-10
-820.0,-5.164423e-08,3.540513e-10
-825.0,-5.200755e-08,5.12384e-10
-830.0,-5.241721e-08,3.485074e-10
-835.0,-5.30465e-08,4.333635e-10
-840.0,-5.358016e-08,6.189151e-10
-845.0,-5.422023e-08,5.556703e-10
-850.0,-5.453547e-08,3.477714e-10
-855.0,-5.495102e-08,6.00623e-10
-860.0,-5.567597e-08,2.980318e-10
-865.0,-5.611338e-08,3.824592e-10
-870.0,-5.670409e-08,4.158633e-10
-875.0,-5.718067e-08,4.952453e-10
-880.0,-5.771371e-08,6.115649e-10
-885.0,-5.839304e-08,4.348717e-10
-890.0,-5.897943e-08,4.25323e-10
-895.0,-5.946903e-08,4.290979e-10
-900.0,-6.029252e-08,3.807059e-10
-905.0,-6.091583e-08,8.346131e-10
-910.0,-6.100589e-08,5.212067e-10
-915.0,-6.191359e-08,4.381654e-10
-920.0,-6.272297e-08,5.013699e-10
-925.0,-6.316361e-08,6.343921e-10
-930.0,-6.368395e-08,3.767211e-10
-935.0,-6.41906e-08,4.696999e-10
-940.0,-6.491376e-08,4.306983e-10
-945.0,-6.662381e-08,1.453438e-09
-950.0,-6.638195e-08,6.235886e-10
-955.0,-6.729458e-08,4.998139e-10
-960.0,-6.804509e-08,5.268766e-10
-965.0,-6.92287e-08,5.91742e-10
-970.0,-6.971889e-08,4.640634e-10
-975.0,-6.998208e-08,7.659549e-10
-980.0,-7.084207e-08,4.192034e-10
-985.0,-7.204454e-08,3.515569e-10
-990.0,-7.251118e-08,3.335375e-10
-995.0,-7.391199e-08,4.172497e-10
-1000.0,-7.388555e-08,1.444567e-09
