voltage,current,currentDev
0.0,-1.34439e-10,7.18117e-10
-5.0,-4.683243e-09,1.089626e-09
-10.0,-9.371668e-09,2.048776e-09
-15.0,-1.296545e-08,6.046071e-09
-20.0,-1.132824e-08,2.460268e-09
-25.0,-1.636111e-08,6.959801e-09
-30.0,-1.429445e-08,1.39152e-09
-35.0,-1.518611e-08,2.286054e-09
-40.0,-1.43582e-08,1.321023e-09
-45.0,-1.542116e-08,4.925182e-09
-50.0,-1.541069e-08,1.580678e-09
-55.0,-1.535664e-08,1.898912e-09
-60.0,-1.523378e-08,1.419748e-09
-65.0,-1.594133e-08,1.282805e-09
-70.0,-1.537449e-08,8.1051e-10
-75.0,-1.538015e-08,6.711263e-10
-80.0,-1.575946e-08,7.180506e-10
-85.0,-1.581236e-08,6.034267e-10
-90.0,-1.582576e-08,5.204405e-10
-95.0,-1.586728e-08,5.169101e-10
-100.0,-1.626575e-08,5.667354e-10
-105.0,-1.573853e-08,5.901272e-10
-110.0,-1.642927e-08,7.351632e-10
-115.0,-1.586189e-08,1.564316e-09
-120.0,-1.584019e-08,1.034519e-09
-125.0,-1.599928e-08,7.686889e-10
-130.0,-1.65317e-08,5.624467e-10
-135.0,-1.667654e-08,1.0412e-09
-140.0,-1.611989e-08,4.956507e-10
-145.0,-1.638114e-08,5.992893e-10
-150.0,-1.650714e-08,1.670056e-09
-155.0,-1.647841e-08,3.247631e-10
-160.0,-1.649749e-08,9.302011e-10
-165.0,-1.675775e-08,3.352281e-10
-170.0,-1.677624e-08,2.909629e-10
-175.0,-1.682092e-08,4.076877e-10
-180.0,-1.691045e-08,4.066622e-10
-185.0,-1.699908e-08,4.350382e-10
-190.0,-1.708078e-08,4.362387e-10
-195.0,-1.717449e-08,2.816567e-10
-200.0,-1.733213e-08,4.289326e-10
-205.0,-1.74071e-08,2.098445e-10
-210.0,-1.725973e-08,3.269447e-10
-215.0,-1.55137e-08,1.672659e-09
-220.0,-1.760594e-08,3.130541e-10
-225.0,-1.774138e-08,3.099972e-10
-230.0,-1.777843e-08,2.810499e-10
-235.0,-1.796773e-08,3.197795e-10
-240.0,-1.800028e-08,2.667224e-10
-245.0,-1.808326e-08,3.136928e-10
-250.0,-1.833146e-08,4.016933e-10
-255.0,-1.831574e-08,2.914269e-10
-260.0,-1.857748e-08,3.830082e-10
-265.0,-1.828871e-08,6.92313e-10
-270.0,-1.883518e-08,5.239582e-10
-275.0,-1.915674e-08,7.712542e-10
-280.0,-1.925757e-08,4.285989e-10
-285.0,-1.916501e-08,5.825134e-10
-290.0,-1.948213e-08,4.904131e-10
-295.0,-1.956829e-08,3.358245e-10
-300.0,-1.97818e-08,3.818813e-10
-305.0,-1.987561e-08,3.473125e-10
-310.0,-2.013049e-08,2.173495e-10
-315.0,-2.02807e-08,4.690398e-10
-320.0,-2.05326e-08,6.409676e-10
-325.0,-2.081715e-08,4.685192e-10
-330.0,-2.086651e-08,3.008625e-10
-335.0,-2.094195e-08,7.29016e-10
-340.0,-2.129367e-08,7.714915e-10
-345.0,-2.127939e-08,3.964925e-10
-350.0,-2.152133e-08,2.822396e-10
-355.0,-2.16877e-08,3.230314e-10
-360.0,-2.181411e-08,3.564597e-10
-365.0,-2.206516e-08,4.78821e-10
-370.0,-2.230291e-08,4.316605e-10
-375.0,-2.255995e-08,4.112737e-10
-380.0,-2.295161e-08,6.425179e-10
-385.0,-2.303869e-08,5.283322e-10
-390.0,-2.318363e-08,3.540827e-10
-395.0,-2.347127e-08,4.029561e-10
-400.0,-2.36576e-08,5.618372e-10
-405.0,-2.405279e-08,4.460546e-10
-410.0,-2.436692e-08,3.285629e-10
-415.0,-2.466404e-08,5.939623e-10
-420.0,-2.489723e-08,2.924532e-10
-425.0,-2.514586e-08,3.265076e-10
-430.0,-2.505272e-08,7.579256e-10
-435.0,-2.575034e-08,3.262756e-10
-440.0,-2.576385e-08,7.652834e-10
-445.0,-2.642386e-08,4.786331e-10
-450.0,-2.66624e-08,3.650779e-10
-455.0,-2.700338e-08,3.625872e-10
-460.0,-2.75089e-08,9.122634e-10
-465.0,-2.775566e-08,1.083547e-09
-470.0,-2.795106e-08,8.885862e-10
-475.0,-2.846428e-08,6.969434e-10
-480.0,-2.868583e-08,4.62588e-10
-485.0,-2.896639e-08,4.568069e-10
-490.0,-2.93832e-08,4.921722e-10
-495.0,-3.000421e-08,5.004929e-10
-500.0,-3.000773e-08,6.261789e-10
-505.0,-3.046287e-08,7.398313e-10
-510.0,-3.082801e-08,3.081238e-10
-515.0,-3.140299e-08,4.766275e-10
-520.0,-3.164491e-08,7.613444e-10
-525.0,-3.181211e-08,4.713083e-10
-530.0,-3.258547e-08,3.59852e-10
-535.0,-3.298614e-08,4.76223e-10
-540.0,-3.343989e-08,1.262943e-09
-545.0,-3.362423e-08,9.66064e-10
-550.0,-3.425192e-08,9.656868e-10
-555.0,-3.475726e-08,4.459545e-10
-560.0,-3.502312e-08,3.016107e-10
-565.0,-3.532962e-08,1.168103e-09
-570.0,-3.606838e-08,7.042574e-10
-575.0,-3.632696e-08,1.035223e-09
-580.0,-3.650707e-08,1.387735e-09
-585.0,-3.699631e-08,6.547973e-10
-590.0,-3.773748e-08,1.145792e-09
-595.0,-3.832922e-08,3.947917e-10
-600.0,-3.858237e-08,6.664631e-10
-605.0,-3.929415e-08,6.97175e-10
-610.0,-3.966085e-08,6.033005e-10
-615.0,-4.031053e-08,9.323811e-10
-620.0,-4.086305e-08,1.03655e-09
-625.0,-4.048094e-08,2.863292e-09
-630.0,-4.167541e-08,9.846428e-10
-635.0,-4.218632e-08,4.696317e-10
-640.0,-4.302869e-08,1.402134e-09
-645.0,-4.342582e-08,3.039439e-10
-650.0,-4.370857e-08,2.944017e-10
-655.0,-4.413948e-08,8.49444e-10
-660.0,-4.490117e-08,5.086853e-10
-665.0,-4.525443e-08,4.281501e-10
-670.0,-4.586373e-08,8.083096e-10
-675.0,-4.629765e-08,8.125157e-10
-680.0,-4.679123e-08,7.308192e-10
-685.0,-4.74098e-08,9.533822e-10
-690.0,-4.787604e-08,4.271948e-10
-695.0,-4.833925e-08,4.585317e-10
-700.0,-4.909837e-08,5.789683e-10
-705.0,-4.952945e-08,3.956674e-10
-710.0,-5.008868e-08,4.029337e-10
-715.0,-5.051946e-08,7.358545e-10
-720.0,-5.162435e-08,7.146297e-10
-725.0,-5.17904e-08,4.051244e-10
-730.0,-5.241799e-08,1.433425e-09
-735.0,-5.276798e-08,5.831199e-10
-740.0,-5.380686e-08,7.467242e-10
-745.0,-5.394243e-08,3.344048e-10
-750.0,-5.480657e-08,4.649568e-10
-755.0,-5.559165e-08,9.335409e-10
-760.0,-5.607465e-08,8.375118e-10
-765.0,-5.687366e-08,7.459973e-10
-770.0,-5.698438e-08,3.206955e-10
-775.0,-5.765254e-08,3.762928e-10
-780.0,-5.819106e-08,2.602698e-10
-785.0,-5.896599e-08,4.510966e-10
-790.0,-5.929426e-08,1.446314e-09
-795.0,-6.039119e-08,2.641221e-09
-800.0,-6.068009e-08,1.147857e-09
-805.0,-6.066617e-08,1.585191e-09
-810.0,-6.167662e-08,1.471873e-09
-815.0,-6.263652e-08,1.427304e-09
-820.0,-6.343404e-08,9.162844e-10
-825.0,-6.372679e-08,5.758166e-10
-830.0,-6.420906e-08,4.563641e-10
-835.0,-6.479922e-08,5.553919e-10
-840.0,-6.554166e-08,7.024487e-10
-845.0,-6.635547e-08,5.257251e-10
-850.0,-6.679622e-08,4.588642e-10
-855.0,-6.808889e-08,1.108978e-09
-860.0,-6.911293e-08,1.667169e-09
-865.0,-6.855308e-08,9.514214e-10
-870.0,-6.930383e-08,8.929112e-10
-875.0,-7.004346e-08,1.655779e-09
-880.0,-7.038341e-08,1.656017e-09
-885.0,-7.095152e-08,8.922925e-10
-890.0,-7.184568e-08,9.322441e-10
-895.0,-7.269154e-08,6.666031e-10
-900.0,-7.393272e-08,1.720836e-09
-905.0,-7.439718e-08,9.87801e-10
-910.0,-7.466443e-08,4.666275e-10
-915.0,-7.495582e-08,2.768189e-09
-920.0,-7.48114e-08,2.042849e-09
-925.0,-7.540595e-08,3.14104e-09
-930.0,-7.704261e-08,1.111857e-09
-935.0,-7.79811e-08,5.589813e-10
-940.0,-7.890529e-08,1.814432e-09
-945.0,-7.968496e-08,2.814754e-09
-950.0,-7.994431e-08,1.592211e-09
-955.0,-8.030163e-08,7.468746e-10
-960.0,-8.174785e-08,1.799507e-09
-965.0,-8.199707e-08,8.014706e-10
-970.0,-8.274707e-08,1.248392e-09
-975.0,-8.336252e-08,2.687427e-09
-980.0,-8.501586e-08,2.605564e-09
-985.0,-8.492368e-08,1.50827e-09
-990.0,-8.564496e-08,3.767103e-10
-995.0,-8.554466e-08,1.11351e-09
-1000.0,-8.709718e-08,1.231788e-09
