voltage,current,currentDev
0.0,-2.988111e-10,6.658274e-10
-5.0,-2.335043e-09,7.190371e-10
-10.0,-5.202902e-09,5.081307e-10
-15.0,-8.807471e-09,6.470298e-10
-20.0,-1.25896e-08,6.119551e-10
-25.0,-1.468178e-08,6.265552e-10
-30.0,-1.481012e-08,6.227118e-10
-35.0,-1.476439e-08,4.400953e-10
-40.0,-1.461604e-08,4.577978e-10
-45.0,-1.462524e-08,5.942792e-10
-50.0,-1.462618e-08,3.945087e-10
-55.0,-1.47571e-08,5.334139e-10
-60.0,-1.492972e-08,4.168014e-10
-65.0,-1.495746e-08,5.619119e-10
-70.0,-1.49829e-08,4.87886e-10
-75.0,-1.500639e-08,6.002736e-10
-80.0,-1.51458e-08,3.624305e-10
-85.0,-1.532496e-08,3.507591e-10
-90.0,-1.49499e-08,5.035231e-10
-95.0,-1.541341e-08,4.309287e-10
-100.0,-1.540494e-08,3.897482e-10
-105.0,-1.559806e-08,3.545024e-10
-110.0,-1.562106e-08,4.167606e-10
-115.0,-1.571117e-08,3.724239e-10
-120.0,-1.580502e-08,3.595978e-10
-125.0,-1.583816e-08,3.300303e-10
-130.0,-1.588778e-08,3.217481e-10
-135.0,-1.594873e-08,3.392719e-10
-140.0,-1.599697e-08,3.156087e-10
-145.0,-1.601657e-08,3.538141e-10
-150.0,-1.61387e-08,3.275268e-10
-155.0,-1.610313e-08,2.97506e-10
-160.0,-1.620049e-08,3.241719e-10
-165.0,-1.624459e-08,3.193786e-10
-170.0,-1.6316e-08,2.970424e-10
-175.0,-1.64061e-08,2.94561e-10
-180.0,-1.649914e-08,3.530182e-10
-185.0,-1.660998e-08,2.694578e-10
-190.0,-1.669454e-08,3.530692e-10
-195.0,-1.682386e-08,2.6341e-10
-200.0,-1.693223e-08,3.343008e-10
-205.0,-1.701125e-08,3.450488e-10
-210.0,-1.715222e-08,3.057796e-10
-215.0,-1.728737e-08,3.08128e-10
-220.0,-1.739002e-08,3.358288e-10
-225.0,-1.754943e-08,3.163875e-10
-230.0,-1.753831e-08,3.142087e-10
-235.0,-1.769213e-08,3.420861e-10
-240.0,-1.781475e-08,3.3942e-10
-245.0,-1.793084e-08,3.105455e-10
-250.0,-1.806202e-08,3.430726e-10
-255.0,-1.818432e-08,2.790052e-10
-260.0,-1.82994e-08,3.63302e-10
-265.0,-1.849192e-08,3.176108e-10
-270.0,-1.858227e-08,3.61047e-10
-275.0,-1.869286e-08,2.790438e-10
-280.0,-1.876177e-08,3.425898e-10
-285.0,-1.888051e-08,2.774778e-10
-290.0,-1.903423e-08,3.439664e-10
-295.0,-1.919436e-08,3.309062e-10
-300.0,-1.929574e-08,3.388493e-10
-305.0,-1.93857e-08,3.087398e-10
-310.0,-1.956331e-08,3.312824e-10
-315.0,-1.964074e-08,2.850825e-10
-320.0,-1.975109e-08,3.398968e-10
-325.0,-1.989593e-08,3.128249e-10
-330.0,-1.996333e-08,3.288332e-10
-335.0,-2.014083e-08,3.719539e-10
-340.0,-2.028155e-08,2.987756e-10
-345.0,-2.035769e-08,3.391917e-10
-350.0,-2.048819e-08,2.786376e-10
-355.0,-2.059462e-08,3.500638e-10
-360.0,-2.068177e-08,3.17218e-10
-365.0,-2.090711e-08,3.393633e-10
-370.0,-2.098763e-08,3.371714e-10
-375.0,-2.114138e-08,3.258919e-10
-380.0,-2.121396e-08,3.240593e-10
-385.0,-2.131916e-08,3.258804e-10
-390.0,-2.15188e-08,3.229928e-10
-395.0,-2.16322e-08,3.41092e-10
-400.0,-2.168907e-08,3.156009e-10
-405.0,-2.18491e-08,3.727764e-10
-410.0,-2.197896e-08,3.406588e-10
-415.0,-2.212027e-08,3.562472e-10
-420.0,-2.225783e-08,3.00982e-10
-425.0,-2.242684e-08,3.61215e-10
-430.0,-2.252369e-08,3.268397e-10
-435.0,-2.270295e-08,3.160956e-10
-440.0,-2.28365e-08,3.330769e-10
-445.0,-2.294234e-08,3.268622e-10
-450.0,-2.311439e-08,3.24114e-10
-455.0,-2.325776e-08,3.279107e-10
-460.0,-2.345401e-08,3.375648e-10
-465.0,-2.361449e-08,3.384292e-10
-470.0,-2.380586e-08,3.260847e-10
-475.0,-2.400131e-08,3.220872e-10
-480.0,-2.411498e-08,3.766353e-10
-485.0,-2.43005e-08,3.68858e-10
-490.0,-2.453925e-08,3.153511e-10
-495.0,-2.468446e-08,3.193086e-10
-500.0,-2.483772e-08,3.505658e-10
-505.0,-2.499601e-08,3.220625e-10
-510.0,-2.523483e-08,2.652442e-10
-515.0,-2.551328e-08,3.315049e-10
-520.0,-2.565997e-08,3.087663e-10
-525.0,-2.57962e-08,3.49481e-10
-530.0,-2.60072e-08,3.265302e-10
-535.0,-2.625523e-08,3.49945e-10
-540.0,-2.646031e-08,3.754268e-10
-545.0,-2.666615e-08,3.166401e-10
-550.0,-2.681047e-08,3.180289e-10
-555.0,-2.707914e-08,3.093066e-10
-560.0,-2.734845e-08,3.600988e-10
-565.0,-2.757354e-08,3.228243e-10
-570.0,-2.7881e-08,3.262018e-10
-575.0,-2.810781e-08,3.340346e-10
-580.0,-2.82982e-08,3.025619e-10
-585.0,-2.853647e-08,3.254798e-10
-590.0,-2.878345e-08,3.08043e-10
-595.0,-2.909647e-08,3.238916e-10
-600.0,-2.934595e-08,3.197755e-10
-605.0,-2.945114e-08,3.269773e-10
-610.0,-2.975358e-08,3.395358e-10
-615.0,-3.007194e-08,2.946082e-10
-620.0,-3.041929e-08,3.186847e-10
-625.0,-3.06655e-08,3.444329e-10
-630.0,-3.093569e-08,3.267148e-10
-635.0,-3.10952e-08,3.295824e-10
-640.0,-3.139048e-08,3.192869e-10
-645.0,-3.183569e-08,3.561058e-10
-650.0,-3.289432e-08,4.287072e-10
-655.0,-3.559678e-08,3.210097e-10
-660.0,-3.98335e-08,3.912984e-10
-665.0,-4.54633e-08,4.391114e-10
-670.0,-5.157456e-08,1.204126e-09
-675.0,-5.529619e-08,4.252119e-10
-680.0,-6.195086e-08,7.702513e-10
-685.0,-6.912332e-08,6.070634e-10
-690.0,-7.583537e-08,4.242668e-10
-695.0,-4.999944e-07,1.024256e-12
